[HIGHLIGHTING]
Zoom=13
PointLon_1=26.7435756935016
PointLat_1=54.6324953292572
PointLon_2=26.8015972389118
PointLat_2=54.6324953292572
PointLon_3=26.8015972389118
PointLat_3=54.5696507923807
PointLon_4=26.7435756935016
PointLat_4=54.5696507923807
PointLon_5=26.7435756935016
PointLat_5=54.6324953292572
